1.66
1.65
1.64
1.64
1.65
1.65
1.65
1.65
1.64
1.66
1.67
1.68
1.67
1.67
1.65
1.65
1.66
1.70
1.68
1.68
1.71
1.72
1.70
1.70
1.70
1.72
1.69
1.66
1.68
1.68
1.64
1.64
1.63
1.65
1.62
1.61
1.64
1.63
1.61
1.61
1.61
1.64
1.61
1.60
1.63
1.63
1.60
1.60
1.60
1.63
1.60
1.59
1.63
1.62
1.60
1.61
1.61
1.65
1.62
1.61
1.65
1.65
1.61
1.62
1.62
1.65
1.63
1.61
1.64
1.65
1.63
1.63
1.64
1.66
1.64
1.63
1.66
1.67
1.63
1.64
1.64
1.67
1.65
1.64
1.67
1.67
1.64
1.64
1.64
1.67
1.65
1.64
1.67
1.67
1.65
1.66
1.66
1.69
1.65
1.66
1.69
1.69
1.67
1.67
1.69
1.70
1.67
1.68
1.70
1.70
1.68
1.67
1.70
1.71
1.68
1.69
1.70
1.72
1.69
1.69
1.72
1.73
1.72
1.71
1.71
1.72
1.68
1.67
1.68
1.68
1.65
1.65
1.67
1.67
1.63
1.63
1.64
1.65
1.63
1.62
1.66
1.67
1.65
1.68
1.70
1.74
1.74
1.74
1.77
1.76
1.70
1.67
1.63
1.58
1.50
1.42
1.39
1.33
1.26
1.21
1.15
1.12
1.06
1.01
1.01
0.97
0.92
0.92
0.90
0.94
0.92
0.91
0.97
0.99
0.99
1.03
1.05
1.10
1.10
1.12
1.18
1.20
1.20
1.23
1.26
1.30
1.30
1.32
1.37
1.39
1.38
1.41
1.44
1.47
1.47
1.48
1.53
1.54
1.52
1.53
1.54
1.54
1.52
1.52
1.54
1.57
1.58
1.65
1.74
1.86
1.96
2.10
2.24
2.39
2.47
2.56
2.64
2.68
2.68
2.67
2.65
2.63
2.55
2.48
2.43
2.36
2.27
2.21
2.16
2.12
2.03
1.98
1.95
1.92
1.87
1.85
1.84
1.83
1.78
1.76
1.76
1.76
1.73
1.74
1.74
1.75
1.73
1.72
1.74
1.73
1.71
1.70
1.70
1.69
1.66
1.65
1.67
1.67
1.65
1.65
1.66
1.68
1.65
1.64
1.66
1.66
1.64
1.64
1.65
1.66
1.63
1.62
1.64
1.65
1.61
1.62
1.62
1.63
1.60
1.59
1.61
1.62
1.59
1.60
1.62
1.61
1.59
1.58
1.60
1.61
1.58
1.59
1.62
1.62
1.59
1.59
1.61
1.63
1.60
1.62
1.65
1.65
1.63
1.63
1.67
1.69
1.66
1.68
1.70
1.71
1.69
1.67
1.68
1.69
1.65
1.65
1.66
1.65
1.61
1.60
1.62
1.61
1.59
1.59
1.60
1.61
1.59
1.58
1.61
1.61
1.60
1.60
1.62
1.64
1.61
1.62
1.64
1.65
1.63
1.63
1.65
1.65
1.61
1.60
1.60
1.57
1.51
1.47
1.42
1.35
1.27
1.21
1.17
1.12
1.06
1.02
0.99
0.95
0.89
0.86
0.85
0.83
0.79
0.78
0.79
0.79
0.77
0.79
0.81
0.83
0.84
0.86
0.90
0.94
0.95
0.97
1.01
1.04
1.03
1.06
1.11
1.14
1.14
1.17
1.22
1.25
1.25
1.30
1.34
1.37
1.37
1.39
1.42
1.44
1.44
1.45
1.48
1.50
1.48
1.50
1.52
1.52
1.52
1.53
1.55
1.56
1.53
1.53
1.55
1.55
1.55
1.60
1.67
1.77
1.86
1.99
2.15
2.30
2.40
2.54
2.67
2.76
2.79
2.83
2.86
2.86
2.80
2.77
2.74
2.67
2.60
2.55
2.49
2.44
2.35
2.28
2.25
2.19
2.12
2.09
2.04
2.02
1.96
1.93
1.93
1.90
1.85
1.86
1.85
1.86
1.84
1.83
1.86
1.84
1.79
1.78
1.76
1.74
1.72
1.71
1.74
1.73
1.68
1.69
1.69
1.68
1.67
1.66
1.68
1.68
1.64
1.65
1.65
1.63
1.60
1.59
1.60
1.60
1.55
1.55
1.56
1.55
1.54
1.54
1.57
1.58
1.56
1.58
1.60
1.61
1.61
1.62
1.64
1.66
1.64
1.64
1.66
1.67
1.64
1.65
1.68
1.67
1.65
1.65
1.67
1.67
1.64
1.65
1.68
1.66
1.65
1.65
1.66
1.66
1.63
1.65
1.68
1.65
1.64
1.65
1.65
1.66
1.63
1.63
1.66
1.64
1.62
1.62
1.62
1.63
1.59
1.60
1.63
1.61
1.60
1.61
1.61
1.62
1.60
1.61
1.65
1.64
1.63
1.64
1.64
1.65
1.63
1.63
1.67
1.65
1.63
1.64
1.63
1.64
1.62
1.61
1.64
1.61
1.58
1.58
1.57
1.57
1.55
1.56
1.60
1.60
1.60
1.62
1.62
1.63
1.60
1.59
1.60
1.55
1.50
1.46
1.41
1.37
1.31
1.27
1.28
1.25
1.21
1.21
1.19
1.19
1.16
1.13
1.15
1.11
1.06
1.05
1.01
0.99
0.96
0.94
0.97
0.96
0.92
0.95
0.97
0.97
0.98
0.99
1.05
1.06
1.05
1.10
1.13
1.15
1.17
1.19
1.24
1.24
1.22
1.23
1.25
1.24
1.26
1.27
1.32
1.35
1.34
1.38
1.40
1.41
1.42
1.44
1.47
1.49
1.47
1.47
1.48
1.48
1.45
1.48
1.51
1.49
1.47
1.50
1.50
1.52
1.52
1.52
1.57
1.56
1.54
1.55
1.57
1.56
1.55
1.56
1.58
1.58
1.55
1.55
1.55
1.54
1.53
1.54
1.58
1.59
1.61
1.66
1.77
1.87
1.96
2.11
2.26
2.37
2.47
2.57
2.65
2.71
2.69
2.70
2.70
2.65
2.60
2.56
2.51
2.46
2.39
2.34
2.31
2.24
2.17
2.14
2.10
2.07
2.02
1.99
2.01
1.99
1.96
1.97
1.97
1.96
1.93
1.92
1.93
1.90
1.85
1.85
1.84
1.81
1.79
1.78
1.80
1.78
1.75
1.74
1.73
1.70
1.69
1.68
1.69
1.69
1.67
1.67
1.68
1.67
1.66
1.66
1.67
1.67
1.64
1.64
1.65
1.65
1.62
1.64
1.66
1.63
1.62
1.63
1.63
1.64
1.62
1.62
1.66
1.64
1.63
1.64
1.64
1.64
1.62
1.62
1.66
1.64
1.60
1.62
1.62
1.62
1.60
1.59
1.64
1.63
1.59
1.61
1.62
1.61
1.60
1.61
1.63
1.62
1.59
1.60
1.61
1.60
1.59
1.60
1.62
1.62
1.60
1.60
1.62
1.61
1.58
1.60
1.62
1.61
1.59
1.59
1.61
1.61
1.58
1.60
1.63
1.61
1.60
1.61
1.61
1.61
1.59
1.59
1.63
1.63
1.65
1.74
1.86
2.05
2.30
2.59
2.92
3.20
3.44
3.66
3.86
3.96
4.03
4.09
4.12
4.10
4.04
3.98
3.93
3.82
3.69
3.57
3.40
3.19
2.92
2.65
2.40
2.13
1.88
1.67
1.52
1.36
1.28
1.28
1.29
1.33
1.34
1.35
1.36
1.28
1.18
1.10
0.99
0.87
0.76
0.65
0.61
0.51
0.43
0.41
0.38
0.34
0.33
0.32
0.36
0.36
0.35
0.40
0.43
0.44
0.47
0.51
0.57
0.60
0.63
0.67
0.73
0.76
0.79
0.85
0.91
0.92
0.93
0.97
1.02
1.04
1.05
1.09
1.15
1.16
1.17
1.20
1.23
1.24
1.24
1.28
1.32
1.30
1.31
1.34
1.35
1.37
1.37
1.38
1.44
1.43
1.43
1.46
1.46
1.46
1.46
1.47
1.52
1.51
1.49
1.51
1.52
1.51
1.51
1.52
1.55
1.54
1.52
1.55
1.56
1.54
1.54
1.55
1.58
1.57
1.55
1.56
1.58
1.56
1.56
1.57
1.60
1.60
1.58
1.60
1.61
1.60
1.59
1.61
1.64
1.64
1.62
1.62
1.63
1.62
1.61
1.62
1.64
1.63
1.62
1.63
1.65
1.64
1.63
1.64
1.66
1.66
1.64
1.65
1.66
1.65
1.62
1.64
1.66
1.63
1.60
1.60
1.61
1.60
1.58
1.60
1.64
1.62
1.61
1.64
1.65
1.64
1.62
1.64
1.68
1.65
1.64
1.66
1.67
1.66
1.64
1.66
1.69
1.67
1.67
1.69
1.72
1.74
1.77
1.84
1.96
2.07
2.25
2.47
2.75
2.99
3.21
3.44
3.62
3.75
3.82
3.89
3.94
3.93
3.90
3.89
3.85
3.78
3.70
3.61
3.55
3.45
3.34
3.28
3.22
3.13
3.03
2.94
2.87
2.75
2.61
2.49
2.36
2.15
1.95
1.76
1.58
1.37
1.17
1.02
0.89
0.71
0.57
0.48
0.38
0.29
0.20
0.16
0.15
0.09
0.07
0.09
0.11
0.11
0.12
0.17
0.23
0.24
0.28
0.33
0.38
0.42
0.43
0.50
0.57
0.59
0.63
0.69
0.74
0.77
0.80
0.85
0.92
0.92
0.94
1.00
1.03
1.05
1.07
1.09
1.16
1.16
1.16
1.21
1.23
1.25
1.27
1.28
1.33
1.33
1.32
1.37
1.38
1.37
1.38
1.40
1.44
1.43
1.41
1.44
1.47
1.45
1.46
1.48
1.51
1.51
1.50
1.52
1.53
1.52
1.51
1.52
1.54
1.53
1.52
1.54
1.55
1.55
1.53
1.56
1.60
1.57
1.57
1.59
1.59
1.58
1.58
1.58
1.63
1.61
1.60
1.63
1.63
1.61
1.61
1.62
1.65
1.63
1.61
1.62
1.62
1.58
1.58
1.59
1.61
1.60
1.59
1.61
1.62
1.60
1.60
1.61
1.62
1.61
1.60
1.60
1.61
1.59
1.58
1.61
1.64
1.62
1.61
1.62
1.64
1.63
1.61
1.63
1.66
1.63
1.61
1.64
1.64
1.63
1.62
1.63
1.66
1.63
1.62
1.64
1.64
1.63
1.62
1.62
1.66
1.65
1.63
1.66
1.67
1.64
1.64
1.64
1.68
1.66
1.65
1.68
1.70
1.69
1.70
1.72
1.74
1.74
1.73
1.75
1.78
1.77
1.76
1.80
1.85
1.86
1.90
2.00
2.14
2.31
2.50
2.75
2.99
3.16
3.33
3.49
3.61
3.69
3.71
3.75
3.77
3.72
3.68
3.64
3.58
3.50
3.42
3.34
3.28
3.16
3.03
2.90
2.76
2.57
2.40
2.26
2.15
2.03
1.96
1.94
1.96
1.93
1.93
1.92
1.89
1.79
1.67
1.54
1.41
1.25
1.09
0.96
0.86
0.70
0.60
0.52
0.45
0.38
0.33
0.30
0.32
0.28
0.28
0.31
0.32
0.33
0.35
0.37
0.43
0.44
0.45
0.54
0.58
0.60
0.65
0.70
0.77
0.79
0.82
0.87
0.91
0.91
0.94
0.98
1.02
1.04
1.06
1.09
1.13
1.13
1.14
1.18
1.23
1.21
1.22
1.25
1.28
1.29
1.29
1.32
1.37
1.36
1.37
1.40
1.43
1.42
1.42
1.46
1.49
1.47
1.48
1.51
1.52
1.51
1.50
1.52
1.55
1.53
1.54
1.55
1.57
1.56
1.55
1.57
1.59
1.57
1.56
1.57
1.59
1.57
1.57
1.60
1.64
1.66
1.70
1.77
1.87
1.95
2.04
2.15
2.25
2.29
2.33
2.35
2.37
2.33
2.28
2.25
2.22
2.16
2.11
2.07
2.05
1.99
1.95
1.93
1.92
1.88
1.88
1.90
1.94
1.95
1.97
2.03
2.09
2.11
2.13
2.16
2.19
2.19
2.19
2.21
2.23
2.20
2.18
2.17
2.18
2.14
2.10
2.10
2.10
2.05
2.03
2.02
2.01
1.97
1.94
1.93
1.93
1.88
1.84
1.84
1.84
1.80
1.77
1.77
1.78
1.75
1.74
1.75
1.75
1.73
1.70
1.69
1.67
1.56
1.47
1.38
1.25
1.12
0.99
0.89
0.83
0.72
0.65
0.63
0.60
0.57
0.58
0.58
0.64
0.65
0.67
0.72
0.76
0.77
0.82
0.85
0.91
0.93
0.95
1.01
1.05
1.05
1.09
1.12
1.17
1.19
1.20
1.25
1.28
1.27
1.30
1.33
1.37
1.37
1.38
1.40
1.44
1.43
1.44
1.48
1.53
1.53
1.56
1.62
1.66
1.67
1.68
1.72
1.75
1.73
1.74
1.77
1.77
1.76
1.75
1.76
1.78
1.74
1.74
1.76
1.74
1.73
1.73
1.73
1.75
1.72
1.71
1.74
1.74
1.72
1.70
1.69
1.71
1.67
1.66
1.68
1.69
1.66
1.67
1.67
1.70
1.67
1.66
1.68
1.70
1.66
1.67
1.69
1.70
1.67
1.67
1.67
1.68
1.65
1.63
1.64
1.66
1.62
1.62
1.64
1.63
1.61
1.61
1.61
1.64
1.62
1.62
1.64
1.65
1.61
1.63
1.63
1.64
1.62
1.61
1.62
1.63
1.60
1.59
1.61
1.63
1.60
1.61
1.62
1.63
1.61
1.60
1.62
1.65
1.61
1.62
1.64
1.64
1.62
1.62
1.62
1.64
1.62
1.61
1.63
1.62
1.58
1.58
1.57
1.60
1.58
1.56
1.60
1.60
1.57
1.58
1.60
1.65
1.66
1.69
1.78
1.86
1.90
1.98
2.07
2.16
2.21
2.25
2.32
2.37
2.35
2.36
2.36
2.34
2.29
2.24
2.21
2.18
2.11
2.07
2.05
2.02
1.97
1.93
1.92
1.90
1.86
1.82
1.83
1.83
1.78
1.77
1.78
1.78
1.75
1.74
1.74
1.75
1.71
1.70
1.71
1.69
1.66
1.64
1.64
1.67
1.63
1.62
1.64
1.66
1.64
1.64
1.64
1.66
1.64
1.63
1.67
1.67
1.63
1.64
1.66
1.68
1.66
1.65
1.67
1.69
1.67
1.67
1.69
1.71
1.68
1.68
1.70
1.72
1.70
1.68
1.69
1.70
1.65
1.63
1.66
1.64
1.58
1.52
1.46
1.42
1.32
1.24
1.22
1.16
1.09
1.08
1.06
1.07
1.06
1.06
1.09
1.11
1.09
1.10
1.14
1.18
1.18
1.20
1.24
1.26
1.26
1.29
1.31
1.36
1.35
1.37
1.42
1.43
1.43
1.45
1.47
1.50
1.49
1.49
1.51
1.53
1.51
1.51
1.53
1.55
1.52
1.53
1.56
1.56
1.54
1.55
1.55
1.59
1.56
1.55
1.59
1.59
1.56
1.57
1.57
1.58
1.56
1.55
1.56
1.56
1.52
1.50
1.51
1.51
1.49
1.49
1.50
1.51
1.49
1.48
1.50
1.52
1.49
1.50
1.52
1.52
1.51
1.52
1.53
1.56
1.55
1.54
1.58
1.59
1.56
1.57
1.59
1.60
1.59
1.59
1.61
1.63
1.61
1.60
1.62
1.64
1.60
1.60
1.63
1.62
1.61
1.61
1.61
1.64
1.61
1.60
1.63
1.63
1.60
1.60
1.62
1.63
1.61
1.61
1.63
1.63
1.61
1.59
1.61
1.63
1.60
1.60
1.63
1.62
1.60
1.60
1.60
1.63
1.62
1.63
1.71
1.76
1.80
1.89
1.99
2.08
2.14
2.20
2.26
2.32
2.33
2.35
2.39
2.40
2.37
2.36
2.36
2.32
2.27
2.22
2.18
2.17
2.11
2.07
2.06
2.03
1.97
1.96
1.93
1.93
1.88
1.86
1.86
1.85
1.79
1.78
1.78
1.77
1.74
1.74
1.74
1.74
1.71
1.70
1.71
1.72
1.68
1.69
1.71
1.70
1.68
1.68
1.68
1.71
1.68
1.68
1.70
1.70
1.67
1.68
1.68
1.69
1.67
1.66
1.67
1.68
1.64
1.63
1.65
1.66
1.61
1.61
1.63
1.62
1.61
1.62
1.63
1.66
1.64
1.63
1.66
1.66
1.63
1.62
1.61
1.57
1.49
1.40
1.34
1.25
1.13
1.05
1.00
0.94
0.88
0.86
0.86
0.86
0.84
0.85
0.89
0.93
0.92
0.96
1.01
1.03
1.05
1.09
1.12
1.18
1.18
1.20
1.25
1.26
1.26
1.29
1.30
1.35
1.33
1.35
1.39
1.40
1.39
1.42
1.43
1.46
1.45
1.45
1.49
1.51
1.48
1.50
1.52
1.54
1.53
1.54
1.56
1.57
1.54
1.55
1.57
1.58
1.56
1.56
1.58
1.60
1.57
1.56
1.58
1.60
1.56
1.57
1.61
1.60
