1.70
1.70
1.71
1.71
1.71
1.71
1.70
1.71
1.71
1.70
1.70
1.71
1.71
1.70
1.71
1.72
1.71
1.70
1.70
1.70
1.69
1.67
1.69
1.70
1.68
1.69
1.69
1.69
1.67
1.68
1.69
1.68
1.66
1.68
1.69
1.68
1.67
1.67
1.66
1.67
1.66
1.68
1.68
1.67
1.67
1.69
1.70
1.70
1.70
1.71
1.71
1.69
1.70
1.70
1.70
1.69
1.69
1.70
1.70
1.68
1.69
1.69
1.70
1.68
1.69
1.70
1.70
1.68
1.69
1.69
1.69
1.67
1.68
1.69
1.69
1.67
1.68
1.67
1.66
1.66
1.66
1.65
1.64
1.65
1.66
1.67
1.66
1.67
1.67
1.66
1.66
1.67
1.67
1.65
1.67
1.68
1.67
1.67
1.69
1.69
1.68
1.69
1.67
1.68
1.67
1.68
1.68
1.66
1.68
1.68
1.68
1.67
1.67
1.68
1.69
1.68
1.69
1.70
1.70
1.70
1.71
1.72
1.71
1.72
1.72
1.72
1.70
1.71
1.71
1.71
1.71
1.70
1.70
1.69
1.69
1.69
1.68
1.67
1.68
1.68
1.68
1.68
1.69
1.70
1.67
1.68
1.68
1.66
1.65
1.66
1.66
1.65
1.64
1.65
1.65
1.64
1.65
1.67
1.69
1.71
1.76
1.82
1.89
1.96
2.05
2.14
2.22
2.29
2.39
2.47
2.55
2.60
2.68
2.75
2.80
2.83
2.85
2.86
2.85
2.81
2.79
2.75
2.70
2.64
2.59
2.54
2.49
2.42
2.39
2.35
2.30
2.26
2.22
2.18
2.14
2.09
2.07
2.04
2.01
1.98
1.95
1.93
1.91
1.88
1.87
1.86
1.83
1.84
1.83
1.82
1.80
1.79
1.78
1.74
1.68
1.62
1.52
1.42
1.29
1.17
1.04
0.90
0.78
0.68
0.57
0.49
0.46
0.44
0.45
0.45
0.50
0.54
0.59
0.62
0.69
0.74
0.80
0.84
0.89
0.95
0.99
1.02
1.09
1.12
1.17
1.19
1.24
1.28
1.29
1.30
1.34
1.36
1.38
1.39
1.42
1.44
1.45
1.46
1.48
1.49
1.51
1.51
1.52
1.55
1.55
1.54
1.57
1.57
1.59
1.59
1.61
1.62
1.61
1.62
1.63
1.63
1.63
1.65
1.66
1.66
1.66
1.67
1.68
1.66
1.67
1.67
1.67
1.65
1.66
1.66
1.66
1.65
1.66
1.65
1.65
1.64
1.65
1.65
1.65
1.65
1.67
1.68
1.68
1.69
1.69
1.70
1.70
1.70
1.72
1.72
1.71
1.72
1.72
1.73
1.72
1.72
1.73
1.73
1.71
1.73
1.72
1.72
1.71
1.71
1.71
1.70
1.70
1.70
1.70
1.70
1.71
1.71
1.71
1.70
1.70
1.71
1.71
1.70
1.71
1.70
1.70
1.69
1.68
1.68
1.67
1.65
1.67
1.66
1.66
1.64
1.66
1.66
1.66
1.65
1.67
1.67
1.68
1.67
1.68
1.68
1.68
1.67
1.70
1.69
1.69
1.68
1.69
1.69
1.69
1.69
1.70
1.70
1.69
1.69
1.70
1.71
1.70
1.71
1.72
1.71
1.70
1.70
1.70
1.71
1.71
1.76
1.82
1.87
1.93
2.02
2.09
2.18
2.26
2.35
2.44
2.50
2.56
2.63
2.68
2.73
2.76
2.80
2.82
2.81
2.79
2.78
2.74
2.69
2.62
2.58
2.53
2.46
2.40
2.37
2.33
2.29
2.24
2.21
2.18
2.14
2.10
2.08
2.03
2.02
1.99
1.97
1.96
1.94
1.92
1.92
1.90
1.89
1.86
1.86
1.85
1.82
1.80
1.80
1.80
1.79
1.78
1.77
1.78
1.77
1.77
1.75
1.74
1.70
1.63
1.54
1.46
1.33
1.21
1.07
0.96
0.84
0.72
0.61
0.54
0.48
0.45
0.43
0.43
0.46
0.50
0.53
0.58
0.64
0.70
0.76
0.80
0.86
0.92
0.97
1.01
1.06
1.10
1.15
1.17
1.22
1.26
1.29
1.30
1.32
1.35
1.37
1.39
1.40
1.43
1.45
1.46
1.47
1.50
1.52
1.52
1.53
1.55
1.57
1.58
1.58
1.61
1.63
1.63
1.63
1.65
1.66
1.67
1.66
1.69
1.69
1.69
1.68
1.70
1.70
1.71
1.70
1.70
1.71
1.70
1.72
1.70
1.71
1.71
1.70
1.69
1.69
1.69
1.69
1.68
1.67
1.68
1.67
1.67
1.66
1.66
1.67
1.67
1.66
1.66
1.66
1.67
1.66
1.66
1.67
1.68
1.67
1.66
1.67
1.68
1.68
1.68
1.69
1.69
1.69
1.69
1.68
1.69
1.70
1.68
1.67
1.68
1.68
1.68
1.66
1.68
1.68
1.68
1.67
1.68
1.69
1.69
1.69
1.68
1.69
1.69
1.69
1.68
1.69
1.70
1.69
1.68
1.70
1.68
1.69
1.68
1.69
1.70
1.69
1.68
1.70
1.69
1.68
1.70
1.71
1.71
1.68
1.70
1.70
1.69
1.67
1.68
1.68
1.67
1.65
1.66
1.67
1.69
1.71
1.76
1.83
1.90
1.96
2.05
2.15
2.23
2.31
2.41
2.49
2.58
2.63
2.72
2.80
2.86
2.93
2.99
3.04
3.08
3.08
3.06
3.06
3.02
2.98
2.91
2.85
2.79
2.70
2.61
2.55
2.47
2.40
2.32
2.27
2.22
2.17
2.11
2.08
2.03
2.01
1.98
1.97
1.96
1.93
1.91
1.91
1.89
1.88
1.86
1.85
1.84
1.82
1.79
1.78
1.77
1.76
1.74
1.74
1.74
1.74
1.72
1.74
1.74
1.74
1.74
1.74
1.75
1.76
1.76
1.75
1.75
1.76
1.75
1.74
1.75
1.74
1.74
1.74
1.73
1.74
1.74
1.73
1.72
1.72
1.72
1.72
1.69
1.70
1.70
1.68
1.64
1.57
1.51
1.42
1.29
1.15
1.03
0.89
0.74
0.61
0.51
0.42
0.35
0.30
0.30
0.31
0.32
0.34
0.41
0.46
0.51
0.56
0.62
0.69
0.74
0.79
0.86
0.93
0.98
1.03
1.07
1.12
1.16
1.19
1.21
1.25
1.28
1.30
1.31
1.34
1.37
1.39
1.40
1.44
1.43
1.47
1.47
1.49
1.51
1.52
1.51
1.54
1.54
1.55
1.55
1.56
1.57
1.58
1.57
1.60
1.60
1.62
1.61
1.62
1.64
1.64
1.63
1.65
1.64
1.64
1.63
1.64
1.64
1.65
1.64
1.66
1.64
1.67
1.66
1.67
1.68
1.68
1.67
1.69
1.69
1.69
1.68
1.69
1.70
1.70
1.69
1.70
1.69
1.69
1.68
1.67
1.69
1.68
1.67
1.68
1.68
1.68
1.68
1.66
1.68
1.68
1.67
1.68
1.68
1.70
1.70
1.69
1.71
1.70
1.69
1.69
1.69
1.70
1.69
1.67
1.68
1.69
1.68
1.68
1.68
1.69
1.69
1.68
1.69
1.69
1.69
1.68
1.69
1.70
1.69
1.67
1.67
1.65
1.61
1.56
1.51
1.46
1.38
1.29
1.20
1.12
1.04
0.95
0.88
0.81
0.74
0.65
0.59
0.53
0.46
0.40
0.35
0.33
0.31
0.29
0.31
0.34
0.38
0.42
0.48
0.54
0.60
0.65
0.72
0.78
0.84
0.87
0.93
0.99
1.04
1.08
1.14
1.19
1.23
1.26
1.30
1.34
1.36
1.38
1.42
1.45
1.47
1.48
1.51
1.53
1.54
1.54
1.56
1.57
1.57
1.57
1.58
1.59
1.60
1.58
1.60
1.61
1.61
1.61
1.62
1.64
1.65
1.64
1.66
1.66
1.66
1.66
1.66
1.66
1.66
1.65
1.68
1.73
1.78
1.89
1.99
2.12
2.24
2.39
2.54
2.67
2.80
2.94
3.05
3.14
3.21
3.26
3.28
3.26
3.25
3.22
3.16
3.09
3.03
2.96
2.89
2.80
2.75
2.69
2.62
2.55
2.52
2.46
2.40
2.35
2.31
2.27
2.22
2.17
2.16
2.13
2.11
2.07
2.06
2.04
2.01
1.98
1.98
1.96
1.95
1.94
1.93
1.92
1.90
1.89
1.88
1.87
1.85
1.85
1.85
1.84
1.81
1.81
1.81
1.79
1.77
1.78
1.77
1.77
1.74
1.75
1.75
1.74
1.72
1.73
1.73
1.71
1.69
1.70
1.70
1.68
1.68
1.68
1.68
1.68
1.68
1.68
1.69
1.68
1.68
1.70
1.69
1.68
1.69
1.69
1.70
1.68
1.69
1.70
1.69
1.68
1.68
1.69
1.70
1.67
1.68
1.69
1.69
1.68
1.67
1.68
1.69
1.66
1.67
1.68
1.68
1.66
1.67
1.67
1.68
1.65
1.67
1.68
1.69
1.68
1.69
1.70
1.70
1.68
1.68
1.69
1.68
1.66
1.63
1.61
1.56
1.49
1.44
1.38
1.31
1.23
1.15
1.09
1.03
0.95
0.88
0.84
0.77
0.70
0.65
0.60
0.56
0.50
0.47
0.46
0.44
0.43
0.42
0.44
0.45
0.47
0.48
0.51
0.55
0.59
0.62
0.65
0.71
0.74
0.80
0.85
0.91
0.97
1.02
1.06
1.12
1.16
1.21
1.23
1.28
1.31
1.34
1.35
1.40
1.42
1.44
1.46
1.48
1.51
1.52
1.52
1.55
1.56
1.57
1.58
1.59
1.61
1.61
1.62
1.64
1.63
1.64
1.64
1.64
1.65
1.65
1.66
1.73
1.79
1.88
1.98
2.11
2.24
2.37
2.48
2.63
2.75
2.86
2.96
3.07
3.16
3.21
3.23
3.25
3.24
3.21
3.15
3.10
3.04
2.98
2.89
2.84
2.77
2.70
2.62
2.57
2.52
2.46
2.39
2.36
2.31
2.27
2.22
2.19
2.17
2.13
2.09
2.08
2.05
2.02
2.00
1.98
1.97
1.96
1.94
1.94
1.91
1.90
1.89
1.88
1.87
1.85
1.85
1.85
1.83
1.82
1.83
1.82
1.81
1.79
1.80
1.80
1.77
1.76
1.76
1.74
1.74
1.74
1.73
1.74
1.73
1.73
1.74
1.74
1.74
1.73
1.74
1.74
1.73
1.72
1.73
1.73
1.73
1.72
1.73
1.74
1.72
1.71
1.72
1.71
1.70
1.69
1.70
1.70
1.68
1.68
1.69
1.68
1.68
1.68
1.68
1.69
1.67
1.68
1.69
1.68
1.68
1.67
1.68
1.69
1.68
1.68
1.69
1.69
1.69
1.68
1.69
1.70
1.68
1.68
1.68
1.68
1.67
1.66
1.67
1.67
1.65
1.66
1.66
1.65
1.63
1.61
1.57
1.52
1.43
1.38
1.30
1.22
1.12
1.05
0.98
0.89
0.80
0.74
0.68
0.62
0.55
0.51
0.47
0.44
0.39
0.38
0.37
0.36
0.35
0.37
0.40
0.43
0.45
0.52
0.58
0.64
0.69
0.78
0.85
0.91
0.96
1.04
1.09
1.14
1.17
1.23
1.27
1.30
1.32
1.37
1.41
1.43
1.45
1.49
1.51
1.52
1.53
1.55
1.57
1.57
1.57
1.58
1.59
1.60
1.58
1.61
1.62
1.65
1.68
1.76
1.86
1.96
2.06
2.19
2.33
2.44
2.56
2.68
2.80
2.90
2.98
3.07
3.12
3.12
3.13
3.12
3.08
3.03
2.98
2.92
2.86
2.77
2.72
2.65
2.58
2.51
2.46
2.40
2.35
2.28
2.26
2.20
2.17
2.14
2.12
2.11
2.10
2.06
2.06
2.06
2.04
2.01
2.00
1.98
1.97
1.94
1.94
1.92
1.90
1.89
1.87
1.86
1.85
1.81
1.82
1.82
1.81
1.80
1.79
1.79
1.79
1.78
1.77
1.78
1.78
1.78
1.75
1.77
1.77
1.75
1.74
1.76
1.76
1.75
1.74
1.75
1.75
1.73
1.73
1.74
1.74
1.73
1.72
1.73
1.73
1.71
1.72
1.73
1.74
1.73
1.74
1.75
1.75
1.72
1.73
1.72
1.72
1.71
1.71
1.72
1.72
1.69
1.71
1.71
1.71
1.70
1.70
1.71
1.71
1.69
1.70
1.71
1.70
1.69
1.69
1.69
1.69
1.67
1.68
1.68
1.68
1.67
1.68
1.68
